1   人民会堂站  120.336   36.0661
2   信号山站  120.338   36.0726
3   观象山站  120.336   36.0784
4   泰山路站  120.34   36.0897
5   昌乐路站  120.35   36.0927
6   海泊河公园站  120.358   36.1029
7   海泊桥站  120.369   36.101
8   西吴家村站  120.379   36.1019
9   错埠岭站  120.393   36.1019
10   福辽立交桥站  120.403   36.1024
11   洪山坡  120.41   36.1067
12   劲松三路站  120.422   36.1107
13   埠西站  120.431   36.1119
14   大埠东站  120.442   36.1171
15   辽阳东路站  120.456   36.1234
16   董家下庄站  120.468   36.132
17   科苑经七路站  120.473   36.1455
18   张村站  120.492   36.1472
19   彭家庄站  120.519   36.139
20   南宅科站  120.522   36.1311
21   小唠山站  120.533   36.1227
22   沙子口站  120.544   36.1185
23   段家埠站  120.544   36.1185
24   登瀛站  120.574   36.1332
25   大河东站  120.586   36.1311
