1   泰山路站  120.34   36.0897
2   利津路站  120.353   36.0887
3   台东站  120.36   36.0886
4   海信桥站  120.37   36.0822
5   芝泉路站  120.375   36.0759
6   五四广场站  120.387   36.071
7   浮山所站  120.397   36.0717
8   燕儿岛路站  120.408   36.0707
9   高雄路站  120.417   36.0718
10   麦岛站  120.43   36.0719
11   海游路站  120.441   36.0775
12   海川路站  120.45   36.0824
13   海安路站  120.457   36.0918
14   石老人浴场站  120.471   36.0995
15   苗岭路站  120.471   36.1068
16   同安路站  120.462   36.1174
17   辽阳东路站  120.456   36.1234
18   东韩站  120.449   36.1342
19   华楼山路站  120.446   36.155
20   枣山路站  120.44   36.1596
21   李村站  120.432   36.1649
22   李村公园站  120.433   36.1735
