1   青岛站  120.319   36.0701
2   人民会堂站  120.336   36.0661
3   汇泉广场站  120.35   36.0658
4   中山公园站  120.358   36.0647
5   太平角公园站  120.366   36.0601
6   延安三路站  120.38   36.0672
7   五四广场站  120.387   36.071
8   江西路站  120.395   36.0798
9   宁夏路站  120.392   36.0877
10   敦化路站  120.392   36.0949
11   错埠岭站  120.393   36.1019
12   清江路站  120.394   36.1128
13   双山站  120.404   36.12
14   长沙路站  120.409   36.1263
15   地铁大厦站  120.421   36.1366
16   海尔路站  120.43   36.1426
17   万年泉路站  120.434   36.1541
18   李村站  120.432   36.1649
19   君峰路站  120.422   36.1702
20   振华路站  120.413   36.1749
21   永平路站  120.4   36.1781
22   青岛北站  120.381   36.1756
