1   王家港站  120.162   35.9424
2   石油大学站  120.172   35.9454
3   太行山路站  120.18   35.9501
4   井冈山路站  120.187   35.954
5   丁家河站  120.201   35.9583
6   薛家岛站  120.22   35.9616
7   天目山站  120.228   35.9651
8   安子站  120.234   35.9716
9   新港山路站  120.251   35.9794
10   南北屯站  120.27   35.9836
11   山里站  120.294   35.9919
12   凤凰岛站  120.3   36.0051
13   团岛站  120.305   36.0649
14   西镇站  120.313   36.0669
15   青岛站  120.319   36.0701
16   中山路站  120.325   36.078
17   观象山站  120.336   36.0784
18   广饶路站  120.349   36.0818
19   台东站  120.36   36.0886
20   海泊桥站  120.369   36.101
21   小村庄站  120.367   36.1097
22   北岭站  120.375   36.125
23   水清沟站  120.377   36.1343
24   中心医院站  120.381   36.1484
25   胜利桥站  120.389   36.1543
26   安顺路站  120.383   36.1659
27   青岛北站  120.381   36.1756
28   沧安路站  120.389   36.1862
29   永年路站  120.402   36.1883
30   兴国路站  120.408   36.1969
31   南岭路站  120.407   36.2066
32   遵义路站  120.403   36.2241
33   瑞金路站  120.395   36.2274
34   仙家寨站  120.399   36.2458
35   流亭站  120.396   36.2746
36   凤岗路站  120.393   36.2921
37   小寨子站  120.397   36.3023
38   正阳中路站  120.391   36.306
39   农业大学站  120.397   36.3217
40   沟岔站  120.407   36.333
41   东郭庄站  120.419   36.3409
