1   王家港站  120.162  35.9424
2   石油大学站  120.172  35.9454
3   太行山路站  120.18  35.9501
4   井冈山路站  120.187  35.954
5   丁家河站  120.201  35.9583
6   薛家岛站  120.22  35.9616
7   天目山站  120.228  35.9651
8   安子站  120.234  35.9716
9   新港山路站  120.251  35.9794
10   南北屯站  120.27  35.9836
11   山里站  120.294  35.9919
12   凤凰岛站  120.3  36.0051
13   团岛站  120.305  36.0649
14   西镇站  120.313  36.0669
15   青岛站  120.319  36.0701
16   中山路站  120.325  36.078
17   观象山站  120.336  36.0784
18   广饶路站  120.349  36.0818
19   台东站  120.36  36.0886
20   海泊桥站  120.369  36.101
21   小村庄站  120.367  36.1097
22   北岭站  120.375  36.125
23   水清沟站  120.377  36.1343
24   中心医院站  120.381  36.1484
25   胜利桥站  120.389  36.1543
26   安顺路站  120.383  36.1659
27   青岛北站  120.381  36.1756
28   沧安路站  120.389  36.1862
29   永年路站  120.402  36.1883
30   兴国路站  120.408  36.1969
31   南岭路站  120.407  36.2066
32   遵义路站  120.403  36.2241
33   瑞金路站  120.395  36.2274
34   仙家寨站  120.399  36.2458
35   流亭站  120.396  36.2746
36   凤岗路站  120.393  36.2921
37   小寨子站  120.397  36.3023
38   正阳中路站  120.391  36.306
39   农业大学站  120.397  36.3217
40   沟岔站  120.407  36.333
41   东郭庄站  120.419  36.3409
1   泰山路站  120.34  36.0897
2   利津路站  120.353  36.0887
3   台东站  120.36  36.0886
4   海信桥站  120.37  36.0822
5   芝泉路站  120.375  36.0759
6   五四广场站  120.387  36.071
7   浮山所站  120.397  36.0717
8   燕儿岛路站  120.408  36.0707
9   高雄路站  120.417  36.0718
10   麦岛站  120.43  36.0719
11   海游路站  120.441  36.0775
12   海川路站  120.45  36.0824
13   海安路站  120.457  36.0918
14   石老人浴场站  120.471  36.0995
15   苗岭路站  120.471  36.1068
16   同安路站  120.462  36.1174
17   辽阳东路站  120.456  36.1234
18   东韩站  120.449  36.1342
19   华楼山路站  120.446  36.155
20   枣山路站  120.44  36.1596
21   李村站  120.432  36.1649
22   李村公园站  120.433  36.1735
1   青岛站  120.319  36.0701
2   人民会堂站  120.336  36.0661
3   汇泉广场站  120.35  36.0658
4   中山公园站  120.358  36.0647
5   太平角公园站  120.366  36.0601
6   延安三路站  120.38  36.0672
7   五四广场站  120.387  36.071
8   江西路站  120.395  36.0798
9   宁夏路站  120.392  36.0877
10   敦化路站  120.392  36.0949
11   错埠岭站  120.393  36.1019
12   清江路站  120.394  36.1128
13   双山站  120.404  36.12
14   长沙路站  120.409  36.1263
15   地铁大厦站  120.421  36.1366
16   海尔路站  120.43  36.1426
17   万年泉路站  120.434  36.1541
18   李村站  120.432  36.1649
19   君峰路站  120.422  36.1702
20   振华路站  120.413  36.1749
21   永平路站  120.4  36.1781
22   青岛北站  120.381  36.1756
1   人民会堂站  120.336  36.0661
2   信号山站  120.338  36.0726
3   观象山站  120.336  36.0784
4   泰山路站  120.34  36.0897
5   昌乐路站  120.35  36.0927
6   海泊河公园站  120.358  36.1029
7   海泊桥站  120.369  36.101
8   西吴家村站  120.379  36.1019
9   错埠岭站  120.393  36.1019
10   福辽立交桥站  120.403  36.1024
11   洪山坡  120.41  36.1067
12   劲松三路站  120.422  36.1107
13   埠西站  120.431  36.1119
14   大埠东站  120.442  36.1171
15   辽阳东路站  120.456  36.1234
16   董家下庄站  120.468  36.132
17   科苑经七路站  120.473  36.1455
18   张村站  120.492  36.1472
19   彭家庄站  120.519  36.139
20   南宅科站  120.522  36.1311
21   小唠山站  120.533  36.1227
22   沙子口站  120.544  36.1185
23   段家埠站  120.544  36.1185
24   登瀛站  120.574  36.1332
25   大河东站  120.586  36.1311